-------------------------------------------------------------------------------------------------------
                 all_inds                                                                              
                        m            l            k         bigE      si_mean     err_mean       err_sd
-------------------------------------------------------------------------------------------------------
sic311m_s_e      .6487623     .1826694     .1831916     1.065182     .7219158    -1.74e-09     .3090639
sic311mats       .5630299     .2084034     .2442731     1.084849     .6416023    -5.16e-10     .3470041
sic311ded        .6218038     .1746549     .2086492     1.051761     .6781503    -7.19e-10      .289277
sic321m_s_e      .5183188     .2658403     .2088151     1.055705      .568908    -1.64e-09     .2995849
sic321mats       .3868533     .3411751     .2603994     1.115763     .4632914    -3.99e-09      .413616
sic321ded        .4433784     .3027369     .2451219      1.07056     .4989577    -2.37e-09     .3384196
sic352m_s_e      .5749308     .2132889     .2415202     1.043659     .6200839     5.04e-11     .2718411
sic352mats       .3909095     .2858312     .3527224     1.093961     .4574107     3.49e-09     .3921797
sic352ded        .4154105     .2769387     .3345523     1.080751     .4762952    -3.45e-09     .3658915
sic313m_s_e      .4324344     .1658083      .308553     1.072079     .4893202    -1.65e-09     .3478783
sic313mats       .2825584     .2943197     .3395211     1.093849     .3346945     1.39e-09     .4103698
sic313ded        .3216044     .2912141     .3203378     1.076658     .3699288    -3.30e-10     .3726326
sic383m_s_e      .5261139     .3665972     .1891625     1.044469     .5693637    -3.13e-09     .2785904
sic383mats       .3739361     .4889367     .2522848     1.101788     .4426557    -6.49e-10     .4068588
sic383ded        .4031761     .4513766     .2432549     1.086122     .4658165    -7.77e-10     .3761352
-------------------------------------------------------------------------------------------------------
